0,469
0,386
214,2
14,7
44,4
14,5
44,1
44,3
14,10
0,273
0,270
0,544
14,9
10,138
10,184
10,66
10,128
10,210
10,12
10,246
10,4
10,2
10,3
11,27
11,7
11,12
11,15
11,30
11,26
11,13
11,2
11,3
9,7
9,2
9,3
8,11
8,16
8,6
8,2
8,3
0,516
12,2
12,1
12,3
259,590
259,589
259,588
259,587
259,586
259,585
259,584
259,583
259,582
259,581
259,580
259,579
259,578
259,577
259,576
259,575
259,574
259,573
259,572
259,571
259,570
259,569
259,568
259,567
259,566
259,565
259,564
259,563
259,562
259,561
259,560
259,559
259,558
259,557
259,556
259,555
259,554
259,553
259,552
259,551
259,550
259,549
259,548
259,547
259,546
259,545
259,544
259,543
259,542
259,541
259,540
259,539
259,538
259,1
223,5
223,4
223,3
223,2
223,1
217,3
217,1
215,4
215,3
215,1
214,4
214,3
214,1
103,68
103,67
103,1
65,3
65,1
45,7
45,5
45,4
45,1
